0, 0 1 0;
1, 0 1 1;
2, 0 1 2;
3, 0 7 0;
4, 0 7 1;
5, 0 7 2;
6, 0 7 3;
7, 0 8 0;
8, 0 8 1;
9, 0 8 2;
10, 0 8 3;
11, 0 5 0;
12, 0 5 1;
13, 0 5 2;
14, 0 5 3;
15, 0 6 0;
16, 0 6 1;
17, 0 6 2;
18, 0 6 3;
19, 0 4 0;
20, 0 4 1;
21, 0 4 2;
22, 0 4 3;
23, 0 2 0;
24, 0 2 1;
25, 0 2 2;
26, 0 3 0;
27, 0 3 1;
28, 0 3 2;
29, 0 3 3;
30, 1 1 0;
31, 1 1 1;
32, 1 1 2;
33, 1 7 0;
34, 1 7 1;
35, 1 7 2;
36, 1 7 3;
37, 1 8 0;
38, 1 8 1;
39, 1 8 2;
40, 1 8 3;
41, 1 5 0;
42, 1 5 1;
43, 1 5 2;
44, 1 5 3;
45, 1 6 0;
46, 1 6 1;
47, 1 6 2;
48, 1 6 3;
49, 1 4 0;
50, 1 4 1;
51, 1 4 2;
52, 1 4 3;
53, 1 2 0;
54, 1 2 1;
55, 1 2 2;
56, 1 3 0;
57, 1 3 1;
58, 1 3 2;
59, 1 3 3;
60, 2 1 0;
61, 2 1 1;
62, 2 1 2;
63, 2 7 0;
64, 2 7 1;
65, 2 7 2;
66, 2 7 3;
67, 2 8 0;
68, 2 8 1;
69, 2 8 2;
70, 2 8 3;
71, 2 5 0;
72, 2 5 1;
73, 2 5 2;
74, 2 5 3;
75, 2 6 0;
76, 2 6 1;
77, 2 6 2;
78, 2 6 3;
79, 2 4 0;
80, 2 4 1;
81, 2 4 2;
82, 2 4 3;
83, 2 2 0;
84, 2 2 1;
85, 2 2 2;
86, 2 3 0;
87, 2 3 1;
88, 2 3 2;
89, 2 3 3;
90, 3 1 0;
91, 3 1 1;
92, 3 1 2;
93, 3 7 0;
94, 3 7 1;
95, 3 7 2;
96, 3 7 3;
97, 3 8 0;
98, 3 8 1;
99, 3 8 2;
100, 3 8 3;
101, 3 5 0;
102, 3 5 1;
103, 3 5 2;
104, 3 5 3;
105, 3 6 0;
106, 3 6 1;
107, 3 6 2;
108, 3 6 3;
109, 3 4 0;
110, 3 4 1;
111, 3 4 2;
112, 3 4 3;
113, 3 2 0;
114, 3 2 1;
115, 3 2 2;
116, 3 3 0;
117, 3 3 1;
118, 3 3 2;
119, 3 3 3;
120, 4 1 0;
121, 4 1 1;
122, 4 1 2;
123, 4 7 0;
124, 4 7 1;
125, 4 7 2;
126, 4 7 3;
127, 4 8 0;
128, 4 8 1;
129, 4 8 2;
130, 4 8 3;
131, 4 5 0;
132, 4 5 1;
133, 4 5 2;
134, 4 5 3;
135, 4 6 0;
136, 4 6 1;
137, 4 6 2;
138, 4 6 3;
139, 4 4 1;
140, 4 4 2;
141, 4 4 3;
142, 4 2 0;
143, 4 2 1;
144, 4 2 2;
145, 4 3 0;
146, 4 3 1;
147, 4 3 2;
148, 4 3 3;
149, 5 1 0;
150, 5 1 1;
151, 5 1 2;
152, 5 7 0;
153, 5 7 1;
154, 5 7 2;
155, 5 7 3;
156, 5 8 0;
157, 5 8 1;
158, 5 8 2;
159, 5 8 3;
160, 5 5 0;
161, 5 5 1;
162, 5 5 2;
163, 5 5 3;
164, 5 6 0;
165, 5 6 1;
166, 5 6 2;
167, 5 6 3;
168, 5 4 0;
169, 5 4 1;
170, 5 4 2;
171, 5 4 3;
172, 5 2 0;
173, 5 2 1;
174, 5 2 2;
175, 5 3 0;
176, 5 3 1;
177, 5 3 2;
178, 5 3 3;
179, 6 1 0;
180, 6 1 1;
181, 6 1 2;
182, 6 7 0;
183, 6 7 1;
184, 6 7 2;
185, 6 7 3;
186, 6 8 0;
187, 6 8 1;
188, 6 8 2;
189, 6 8 3;
190, 6 5 0;
191, 6 5 1;
192, 6 5 2;
193, 6 5 3;
194, 6 6 0;
195, 6 6 1;
196, 6 6 2;
197, 6 6 3;
198, 6 4 0;
199, 6 4 1;
200, 6 4 2;
201, 6 4 3;
202, 6 2 0;
203, 6 2 1;
204, 6 2 2;
205, 6 3 0;
206, 6 3 1;
207, 6 3 2;
208, 6 3 3;
209, 7 1 0;
210, 7 1 1;
211, 7 1 2;
212, 7 7 0;
213, 7 7 1;
214, 7 7 2;
215, 7 7 3;
216, 7 8 0;
217, 7 8 1;
218, 7 8 2;
219, 7 8 3;
220, 7 5 0;
221, 7 5 1;
222, 7 5 2;
223, 7 5 3;
224, 7 6 0;
225, 7 6 1;
226, 7 6 2;
227, 7 6 3;
228, 7 4 0;
229, 7 4 1;
230, 7 4 2;
231, 7 4 3;
232, 7 2 0;
233, 7 2 1;
234, 7 2 2;
235, 7 3 0;
236, 7 3 1;
237, 7 3 2;
238, 7 3 3;
239, 8 1 0;
240, 8 1 1;
241, 8 1 2;
242, 8 7 0;
243, 8 7 1;
244, 8 7 2;
245, 8 7 3;
246, 8 8 0;
247, 8 8 1;
248, 8 8 2;
249, 8 8 3;
250, 8 5 0;
251, 8 5 1;
252, 8 5 2;
253, 8 5 3;
254, 8 6 0;
255, 8 6 1;
256, 8 6 2;
257, 8 6 3;
258, 8 4 0;
259, 8 4 1;
260, 8 4 2;
261, 8 4 3;
262, 8 2 0;
263, 8 2 1;
264, 8 2 2;
265, 8 3 0;
266, 8 3 1;
267, 8 3 2;
268, 8 3 3;
269, 9 1 0;
270, 9 1 1;
271, 9 1 2;
272, 9 7 0;
273, 9 7 1;
274, 9 7 2;
275, 9 7 3;
276, 9 8 0;
277, 9 8 1;
278, 9 8 2;
279, 9 8 3;
280, 9 5 0;
281, 9 5 1;
282, 9 5 2;
283, 9 5 3;
284, 9 6 0;
285, 9 6 1;
286, 9 6 2;
287, 9 6 3;
288, 9 4 0;
289, 9 4 1;
290, 9 4 2;
291, 9 4 3;
292, 9 2 0;
293, 9 2 1;
294, 9 2 2;
295, 9 3 0;
296, 9 3 1;
297, 9 3 2;
298, 9 3 3;
299, 10 1 0;
300, 10 1 1;
301, 10 1 2;
302, 10 7 0;
303, 10 7 1;
304, 10 7 2;
305, 10 7 3;
306, 10 8 0;
307, 10 8 1;
308, 10 8 2;
309, 10 8 3;
310, 10 5 0;
311, 10 5 1;
312, 10 5 2;
313, 10 5 3;
314, 10 6 0;
315, 10 6 1;
316, 10 6 2;
317, 10 6 3;
318, 10 4 0;
319, 10 4 1;
320, 10 4 2;
321, 10 4 3;
322, 10 2 0;
323, 10 2 1;
324, 10 2 2;
325, 10 3 0;
326, 10 3 1;
327, 10 3 2;
328, 10 3 3;
329, 11 1 0;
330, 11 1 1;
331, 11 1 2;
332, 11 7 0;
333, 11 7 1;
334, 11 7 2;
335, 11 7 3;
336, 11 8 0;
337, 11 8 1;
338, 11 8 2;
339, 11 8 3;
340, 11 5 0;
341, 11 5 1;
342, 11 5 2;
343, 11 5 3;
344, 11 6 0;
345, 11 6 1;
346, 11 6 2;
347, 11 6 3;
348, 11 4 0;
349, 11 4 1;
350, 11 4 2;
351, 11 4 3;
352, 11 2 0;
353, 11 2 1;
354, 11 2 2;
355, 11 3 0;
356, 11 3 1;
357, 11 3 2;
358, 11 3 3;
